Config:
grid_dim: 100
num_steps: 1000
wolf_prob: 0.003000
rabbit_prob: 0.030000
grass_prob: 0.100000
gif_file: (null)

Step,Rabbits,Wolfs,Grass
0,299,29,1011
1,299,29,1265
2,295,29,1491
3,291,29,1702
4,278,29,1916
5,272,29,2129
6,268,29,2367
7,262,29,2564
8,256,29,2751
9,248,29,2980
10,239,29,3232
11,230,29,3473
12,224,29,3664
13,226,29,3876
14,220,29,4116
15,242,29,4315
16,234,30,4510
17,234,30,4742
18,236,31,4901
19,242,31,5087
20,261,31,5183
21,264,31,5321
22,267,31,5435
23,276,34,5564
24,286,36,5673
25,304,37,5728
26,328,39,5792
27,335,39,5878
28,348,39,5936
29,359,39,5982
30,362,41,6039
31,387,43,6061
32,394,46,6036
33,405,46,6014
34,415,47,5992
35,419,47,5994
36,441,47,5951
37,443,47,5893
38,450,47,5855
39,452,49,5835
40,448,50,5795
41,457,56,5749
42,464,58,5687
43,465,59,5599
44,456,59,5521
45,450,62,5466
46,447,64,5443
47,453,64,5395
48,444,68,5351
49,430,69,5306
50,425,71,5273
51,417,71,5271
52,405,72,5253
53,395,72,5211
54,378,74,5199
55,374,77,5180
56,363,79,5140
57,363,83,5103
58,355,84,5112
59,337,84,5106
60,321,85,5122
61,315,86,5096
62,303,86,5111
63,293,86,5147
64,269,89,5193
65,250,90,5238
66,235,91,5280
67,212,93,5348
68,200,93,5430
69,187,94,5500
70,173,97,5557
71,164,98,5633
72,152,98,5685
73,140,99,5753
74,141,100,5865
75,133,101,5943
76,131,101,6016
77,127,101,6110
78,123,102,6179
79,119,101,6257
80,112,102,6318
81,110,102,6391
82,109,104,6451
83,111,106,6533
84,112,106,6587
85,113,106,6627
86,115,105,6668
87,115,104,6721
88,116,104,6771
89,121,104,6834
90,125,104,6889
91,128,104,6969
92,129,103,6998
93,136,103,7067
94,134,102,7120
95,138,97,7178
96,138,94,7193
97,148,93,7230
98,150,92,7258
99,157,92,7286
100,163,91,7317
101,162,89,7345
102,172,87,7350
103,175,81,7358
104,180,79,7365
105,186,76,7392
106,185,75,7398
107,190,75,7433
108,193,74,7433
109,194,74,7431
110,195,73,7444
111,197,68,7442
112,203,66,7445
113,206,64,7459
114,203,64,7472
115,202,65,7456
116,197,63,7452
117,192,63,7447
118,184,61,7448
119,187,52,7457
120,184,52,7472
121,182,53,7474
122,178,53,7484
123,177,51,7473
124,180,52,7458
125,176,47,7473
126,175,46,7462
127,169,44,7463
128,169,45,7489
129,174,45,7488
130,170,46,7487
131,164,46,7476
132,159,46,7491
133,161,47,7510
134,161,49,7503
135,162,49,7494
136,166,48,7475
137,164,48,7490
138,166,49,7491
139,171,49,7497
140,167,49,7498
141,170,48,7487
142,169,48,7502
143,174,48,7508
144,178,49,7495
145,172,51,7465
146,175,50,7447
147,176,51,7452
148,175,51,7455
149,174,51,7460
150,171,52,7480
151,172,53,7492
152,163,53,7492
153,157,52,7480
154,155,53,7470
155,154,54,7469
156,152,54,7470
157,146,54,7483
158,141,54,7500
159,134,54,7508
160,126,54,7511
161,122,54,7521
162,119,55,7528
163,117,55,7535
164,116,55,7546
165,120,55,7561
166,114,53,7592
167,107,53,7616
168,103,52,7648
169,99,53,7696
170,98,53,7748
171,96,53,7767
172,91,53,7810
173,89,53,7860
174,86,53,7901
175,85,52,7960
176,80,53,8003
177,77,54,8053
178,72,54,8098
179,70,54,8135
180,72,54,8176
181,68,53,8218
182,63,52,8272
183,61,51,8327
184,54,49,8369
185,54,48,8427
186,55,49,8455
187,52,49,8497
188,51,50,8544
189,49,50,8592
190,46,49,8622
191,45,46,8661
192,45,45,8705
193,43,42,8766
194,42,42,8808
195,41,42,8845
196,47,41,8901
197,48,41,8929
198,50,40,8959
199,57,39,8978
200,60,40,8996
201,64,39,9005
202,64,38,9025
203,67,38,9038
204,69,38,9040
205,71,35,9067
206,72,35,9100
207,74,35,9115
208,78,34,9134
209,80,34,9164
210,80,33,9178
211,83,33,9174
212,92,33,9161
213,91,32,9136
214,93,33,9117
215,96,32,9115
216,98,32,9109
217,109,31,9084
218,114,31,9049
219,119,31,9030
220,124,30,9002
221,127,28,8966
222,133,27,8939
223,138,26,8915
224,143,27,8897
225,149,28,8872
226,153,28,8822
227,155,29,8772
228,162,28,8730
229,161,27,8684
230,166,27,8651
231,165,25,8625
232,166,25,8594
233,176,26,8566
234,179,26,8541
235,179,26,8508
236,183,27,8452
237,189,27,8403
238,198,28,8381
239,200,28,8336
240,205,29,8295
241,205,28,8222
242,208,28,8162
243,223,29,8097
244,234,29,8046
245,245,29,7948
246,262,29,7886
247,267,29,7799
248,285,28,7707
249,302,28,7618
250,314,28,7544
251,325,29,7463
252,334,29,7362
253,347,30,7254
254,352,30,7123
255,365,30,7027
256,373,31,6925
257,379,33,6798
258,386,33,6690
259,407,34,6562
260,411,36,6449
261,426,36,6324
262,430,37,6185
263,430,38,6057
264,449,39,5952
265,457,39,5836
266,458,42,5734
267,453,42,5621
268,452,45,5536
269,459,48,5447
270,460,48,5364
271,462,49,5255
272,453,50,5173
273,452,52,5110
274,445,53,5017
275,445,54,4935
276,441,55,4883
277,429,58,4833
278,420,58,4779
279,407,58,4729
280,387,59,4698
281,380,61,4662
282,371,62,4655
283,358,64,4639
284,333,65,4634
285,312,67,4627
286,296,68,4653
287,277,70,4711
288,266,71,4767
289,254,71,4827
290,239,73,4865
291,231,74,4924
292,214,75,4980
293,206,75,5049
294,191,77,5125
295,181,76,5192
296,177,77,5260
297,174,77,5343
298,166,78,5451
299,153,78,5526
300,148,78,5591
301,148,78,5677
302,147,77,5799
303,144,78,5879
304,139,78,5982
305,135,79,6101
306,131,79,6205
307,134,79,6290
308,138,78,6346
309,132,78,6460
310,130,79,6555
311,133,78,6659
312,135,78,6708
313,133,78,6807
314,127,78,6871
315,124,77,6921
316,124,77,6985
317,122,76,7060
318,116,78,7127
319,114,79,7199
320,109,82,7251
321,102,79,7338
322,100,79,7425
323,92,77,7509
324,89,75,7596
325,81,75,7701
326,72,76,7786
327,72,74,7871
328,68,72,7960
329,65,72,8027
330,62,72,8100
331,62,70,8188
332,65,69,8271
333,66,69,8340
334,65,67,8410
335,64,65,8484
336,66,64,8518
337,69,64,8607
338,72,62,8666
339,68,61,8727
340,69,59,8771
341,69,59,8830
342,75,60,8873
343,82,56,8907
344,84,55,8928
345,86,54,8937
346,83,53,8969
347,87,53,8974
348,94,52,8970
349,94,53,8975
350,92,52,8980
351,91,50,8973
352,95,47,8978
353,99,46,8956
354,103,45,8946
355,101,44,8950
356,102,43,8933
357,101,39,8907
358,105,39,8898
359,109,38,8879
360,105,36,8869
361,106,36,8863
362,107,37,8834
363,113,37,8799
364,112,37,8756
365,109,35,8729
366,106,33,8676
367,105,32,8666
368,107,33,8644
369,111,33,8633
370,106,33,8630
371,109,33,8625
372,104,31,8620
373,108,31,8624
374,112,32,8626
375,115,32,8632
376,116,32,8621
377,109,31,8610
378,112,31,8625
379,121,31,8635
380,116,29,8618
381,120,29,8620
382,120,29,8637
383,117,30,8643
384,119,30,8631
385,120,30,8635
386,119,31,8630
387,119,32,8643
388,118,32,8655
389,118,33,8673
390,116,33,8686
391,122,33,8689
392,124,34,8697
393,127,33,8695
394,129,33,8695
395,136,34,8691
396,137,35,8671
397,138,35,8668
398,138,35,8652
399,143,35,8647
400,148,36,8648
401,151,37,8618
402,154,39,8600
403,155,39,8571
404,158,38,8570
405,156,39,8551
406,154,41,8529
407,157,44,8511
408,154,44,8499
409,150,44,8490
410,153,43,8469
411,158,43,8459
412,163,44,8408
413,170,43,8372
414,169,42,8331
415,172,42,8316
416,180,43,8268
417,184,44,8240
418,187,44,8203
419,185,45,8153
420,182,44,8124
421,186,45,8094
422,191,47,8048
423,194,47,8007
424,191,46,7985
425,188,48,7942
426,193,47,7907
427,197,49,7859
428,205,49,7807
429,205,50,7755
430,205,49,7710
431,209,48,7669
432,222,48,7625
433,226,49,7583
434,226,50,7552
435,229,50,7533
436,231,51,7517
437,240,52,7501
438,233,52,7465
439,231,53,7426
440,230,54,7377
441,226,55,7362
442,232,57,7343
443,230,58,7296
444,230,59,7280
445,233,58,7259
446,235,59,7222
447,242,59,7170
448,243,60,7137
449,245,60,7125
450,234,63,7134
451,225,64,7128
452,217,64,7163
453,206,63,7181
454,203,64,7213
455,196,64,7225
456,193,65,7230
457,189,68,7236
458,172,70,7236
459,171,70,7255
460,162,71,7264
461,155,70,7297
462,149,73,7322
463,142,73,7344
464,133,74,7363
465,119,75,7419
466,104,77,7436
467,94,77,7462
468,94,78,7501
469,91,78,7515
470,87,79,7542
471,86,77,7568
472,88,77,7593
473,88,75,7618
474,84,73,7640
475,82,72,7660
476,80,72,7702
477,80,70,7740
478,79,70,7762
479,75,69,7799
480,75,69,7819
481,72,66,7850
482,64,65,7895
483,63,65,7925
484,64,65,7968
485,59,65,8012
486,57,64,8062
487,54,61,8096
488,51,61,8126
489,51,61,8185
490,47,60,8237
491,45,60,8294
492,47,60,8344
493,45,60,8382
494,49,60,8440
495,48,59,8469
496,50,56,8524
497,52,50,8579
498,52,51,8633
499,53,53,8661
500,53,53,8693
501,57,51,8717
502,56,51,8757
503,55,48,8785
504,56,47,8824
505,55,44,8858
506,53,42,8900
507,52,42,8932
508,50,41,8951
509,51,37,8968
510,55,38,8976
511,55,37,8987
512,55,35,9020
513,55,35,9034
514,55,33,9047
515,57,30,9070
516,63,28,9081
517,65,27,9108
518,63,26,9134
519,64,25,9146
520,67,25,9163
521,70,25,9185
522,66,26,9200
523,63,26,9209
524,62,26,9222
525,63,26,9232
526,71,25,9246
527,70,24,9259
528,68,25,9259
529,65,26,9271
530,63,26,9287
531,70,26,9295
532,74,25,9293
533,71,23,9290
534,69,23,9293
535,66,23,9301
536,70,25,9317
537,73,25,9311
538,71,26,9304
539,68,26,9307
540,68,26,9306
541,70,25,9308
542,75,23,9313
543,77,23,9309
544,75,23,9307
545,72,24,9293
546,70,21,9310
547,73,21,9315
548,71,21,9313
549,72,21,9315
550,71,21,9320
551,67,22,9320
552,67,22,9320
553,72,22,9343
554,74,22,9342
555,74,23,9342
556,70,23,9341
557,76,24,9342
558,81,24,9336
559,83,26,9315
560,88,26,9313
561,88,26,9310
562,91,26,9311
563,94,26,9304
564,98,27,9306
565,96,27,9287
566,97,27,9262
567,100,27,9246
568,105,27,9224
569,111,26,9226
570,113,27,9218
571,117,27,9190
572,118,28,9187
573,126,29,9175
574,131,30,9142
575,133,30,9130
576,132,32,9126
577,134,32,9082
578,140,32,9065
579,146,32,9053
580,146,32,9009
581,145,32,8984
582,147,32,8948
583,147,31,8913
584,154,32,8870
585,163,32,8830
586,163,33,8783
587,161,34,8726
588,165,34,8690
589,167,35,8657
590,167,37,8614
591,167,36,8562
592,163,37,8546
593,165,38,8531
594,168,40,8509
595,175,40,8477
596,173,40,8427
597,171,41,8412
598,167,43,8378
599,168,43,8355
600,170,45,8332
601,171,44,8306
602,169,46,8283
603,170,46,8249
604,171,47,8241
605,182,46,8203
606,183,45,8195
607,183,44,8186
608,182,45,8168
609,190,44,8163
610,193,43,8139
611,193,43,8122
612,196,44,8101
613,201,44,8050
614,196,45,8028
615,197,46,8004
616,199,48,7973
617,204,51,7945
618,212,51,7932
619,211,51,7889
620,211,52,7851
621,216,53,7821
622,222,53,7769
623,224,55,7735
624,219,55,7699
625,217,54,7665
626,218,55,7641
627,217,54,7598
628,220,55,7543
629,219,58,7524
630,218,58,7487
631,216,58,7459
632,220,58,7432
633,219,58,7419
634,214,58,7398
635,211,59,7398
636,208,59,7380
637,203,60,7352
638,205,61,7344
639,198,61,7320
640,194,61,7282
641,189,61,7282
642,181,61,7264
643,178,60,7260
644,176,61,7262
645,173,61,7247
646,170,61,7251
647,161,61,7255
648,169,63,7248
649,172,63,7241
650,171,63,7246
651,170,62,7255
652,166,62,7289
653,170,63,7310
654,173,62,7328
655,172,60,7331
656,172,58,7328
657,167,57,7335
658,166,57,7360
659,156,56,7405
660,152,56,7439
661,149,54,7443
662,147,53,7465
663,156,49,7466
664,157,49,7476
665,157,49,7477
666,151,48,7482
667,154,47,7455
668,160,47,7444
669,163,46,7435
670,165,46,7429
671,164,45,7426
672,168,46,7420
673,174,46,7392
674,174,46,7367
675,176,44,7344
676,180,43,7324
677,189,43,7288
678,193,43,7247
679,200,43,7191
680,207,43,7165
681,203,44,7137
682,207,43,7118
683,204,42,7077
684,205,40,7042
685,197,41,7034
686,197,41,7029
687,196,41,7027
688,194,39,7026
689,188,38,7023
690,181,38,7043
691,177,37,7050
692,173,35,7044
693,165,36,7038
694,154,35,7050
695,152,36,7044
696,142,36,7055
697,135,33,7073
698,127,32,7096
699,120,32,7117
700,118,31,7149
701,107,33,7166
702,99,34,7181
703,93,34,7195
704,89,34,7227
705,82,33,7254
706,77,34,7288
707,75,34,7316
708,70,35,7346
709,65,35,7370
710,66,35,7408
711,62,35,7452
712,58,35,7475
713,54,36,7523
714,51,36,7571
715,51,37,7609
716,57,35,7651
717,57,35,7685
718,54,35,7729
719,51,35,7770
720,48,36,7808
721,48,38,7848
722,49,38,7880
723,48,38,7915
724,46,36,7949
725,49,34,7998
726,48,34,8046
727,51,34,8091
728,51,35,8114
729,48,35,8157
730,48,36,8181
731,48,37,8207
732,50,37,8246
733,47,36,8298
734,45,36,8340
735,45,34,8389
736,42,34,8425
737,43,33,8459
738,40,33,8489
739,41,33,8539
740,44,32,8604
741,44,30,8630
742,45,29,8679
743,48,29,8719
744,49,29,8781
745,51,30,8826
746,54,31,8872
747,55,30,8908
748,59,29,8952
749,60,29,8982
750,61,26,9027
751,64,27,9059
752,65,25,9110
753,66,25,9137
754,68,25,9149
755,67,25,9176
756,71,24,9191
757,71,24,9192
758,74,25,9199
759,78,24,9203
760,79,23,9208
761,81,23,9216
762,83,21,9215
763,86,20,9250
764,89,20,9245
765,88,20,9241
766,96,20,9238
767,99,20,9247
768,95,21,9269
769,100,21,9260
770,102,21,9245
771,103,21,9246
772,107,21,9235
773,106,21,9213
774,104,23,9194
775,103,24,9190
776,106,23,9201
777,100,24,9185
778,94,24,9164
779,96,24,9144
780,100,24,9137
781,102,24,9138
782,102,26,9120
783,98,25,9107
784,104,26,9112
785,103,26,9120
786,109,26,9140
787,109,26,9142
788,103,25,9143
789,102,26,9152
790,105,28,9129
791,110,30,9116
792,115,31,9111
793,116,32,9095
794,118,32,9078
795,121,32,9054
796,125,34,9028
797,130,35,9009
798,135,35,8987
799,143,35,8951
800,144,36,8929
801,146,37,8930
802,147,37,8913
803,150,37,8900
804,147,37,8872
805,143,37,8852
806,147,37,8834
807,141,38,8820
808,143,38,8801
809,141,38,8774
810,146,39,8752
811,157,38,8738
812,156,39,8703
813,157,40,8649
814,150,40,8638
815,150,40,8611
816,147,43,8584
817,145,43,8549
818,145,44,8530
819,138,44,8526
820,138,44,8497
821,137,44,8463
822,133,44,8436
823,129,43,8422
824,129,42,8382
825,125,42,8371
826,126,42,8340
827,130,42,8319
828,133,42,8284
829,133,42,8265
830,130,42,8244
831,136,42,8225
832,144,42,8193
833,146,44,8177
834,153,45,8160
835,153,45,8120
836,157,46,8087
837,157,44,8066
838,163,44,8037
839,170,43,8000
840,166,42,7963
841,166,43,7935
842,167,43,7907
843,172,43,7887
844,172,44,7851
845,165,43,7836
846,160,44,7804
847,162,43,7775
848,161,43,7750
849,168,42,7729
850,167,42,7709
851,160,41,7683
852,159,40,7669
853,166,40,7658
854,158,40,7660
855,153,39,7655
856,152,37,7652
857,144,38,7662
858,145,39,7695
859,140,39,7718
860,132,39,7736
861,127,37,7749
862,118,34,7766
863,116,34,7786
864,116,34,7814
865,110,34,7832
866,105,34,7855
867,102,35,7890
868,97,35,7927
869,95,35,7994
870,88,35,8034
871,83,34,8068
872,80,35,8111
873,77,35,8161
874,70,35,8208
875,64,34,8244
876,59,33,8306
877,51,33,8337
878,46,33,8366
879,44,31,8432
880,41,31,8488
881,39,30,8552
882,39,30,8602
883,38,29,8638
884,33,27,8700
885,28,27,8743
886,23,25,8791
887,21,25,8824
888,18,25,8852
889,16,25,8888
890,16,25,8916
891,13,24,8949
892,14,23,8984
893,18,23,9021
894,18,24,9049
895,18,24,9074
896,16,24,9096
897,17,24,9109
898,19,24,9135
899,21,24,9149
900,23,24,9176
901,23,24,9177
902,21,24,9191
903,24,24,9198
904,30,24,9205
905,32,23,9214
906,33,23,9232
907,34,23,9241
908,38,22,9241
909,45,21,9241
910,49,20,9234
911,52,19,9224
912,53,18,9230
913,56,18,9220
914,64,17,9209
915,71,17,9193
916,73,17,9185
917,79,17,9163
918,83,17,9140
919,92,17,9134
920,97,17,9109
921,101,16,9064
922,108,15,9024
923,112,14,8980
924,123,14,8946
925,134,12,8917
926,137,12,8869
927,142,12,8821
928,143,9,8770
929,154,9,8710
930,164,9,8645
931,172,9,8578
932,173,8,8511
933,177,7,8455
934,182,7,8405
935,186,7,8346
936,191,6,8261
937,198,5,8187
938,203,5,8116
939,206,5,8044
940,212,5,7972
941,218,5,7903
942,226,4,7810
943,235,4,7719
944,237,3,7625
945,244,3,7535
946,251,3,7454
947,260,3,7361
948,266,3,7282
949,270,3,7181
950,276,3,7085
951,286,4,6997
952,292,4,6889
953,302,5,6771
954,303,5,6671
955,309,5,6567
956,317,5,6458
957,326,5,6349
958,330,5,6253
959,326,5,6155
960,332,5,6046
961,336,6,5926
962,350,6,5812
963,366,6,5684
964,360,6,5565
965,361,6,5450
966,377,6,5321
967,386,6,5182
968,396,7,5063
969,404,7,4940
970,403,7,4824
971,414,8,4729
972,419,8,4619
973,426,9,4511
974,423,9,4410
975,417,9,4306
976,416,9,4188
977,425,9,4084
978,433,9,3987
979,428,9,3902
980,426,9,3827
981,431,10,3743
982,428,13,3641
983,431,13,3553
984,426,14,3496
985,413,14,3446
986,416,14,3378
987,412,14,3326
988,408,14,3257
989,400,16,3180
990,389,16,3102
991,390,16,3050
992,388,17,2978
993,387,17,2908
994,379,17,2842
995,376,17,2781
996,379,17,2733
997,381,18,2680
998,376,18,2632
999,369,18,2588
1000,358,19,2550
